uniprot_master <- structure(
    list(
        Marker = c(
            "CD1a",
            "CD1b",
            "CD1c",
            "CD1d",
            "CD2",
            "CD3e",
            "CD4",
            "CD5",
            "CD6",
            "CD7",
            "CD8",
            "CD9",
            "CD10",
            "CD11a",
            "CD11b",
            "CD11c",
            "CD13",
            "CD14",
            "CD16",
            "CD18",
            "CD19",
            "CD20",
            "CD21",
            "CD22",
            "CD24",
            "CD25",
            "CD26",
            "CD27",
            "CD28",
            "CD29",
            "CD31",
            "CD32",
            "CD33",
            "CD34",
            "CD35",
            "CD36",
            "CD37",
            "CD38",
            "CD39",
            "CD40",
            "CD41",
            "CD43",
            "CD44",
            "CD45",
            "CD45RA",
            "CD45RB",
            "CD45RO",
            "CD47",
            "CD48",
            "CD49D",
            "CD49e",
            "CD50",
            "CD52",
            "CD53",
            "CD54",
            "CD55",
            "CD56",
            "CD57",
            "CD58",
            "CD59",
            "CD62P",
            "CD64",
            "CD66b",
            "CD69",
            "CD70",
            "CD71",
            "CD72",
            "CD73",
            "CD79a",
            "CD80",
            "CD81",
            "CD82",
            "CD84",
            "CD85j",
            "CD86",
            "CD89",
            "CD90",
            "CD93",
            "CD94",
            "CD95",
            "CD102",
            "CD103",
            "CD117",
            "CD123",
            "CD127",
            "CD134",
            "CD137",
            "CD138",
            "CD141",
            "CD150",
            "CD152",
            "CD154",
            "CD156c",
            "CD158",
            "CD158a",
            "CD158b",
            "CD159a",
            "CD159c",
            "CD161",
            "CD162",
            "CD163",
            "CD169",
            "CD180",
            "CD191",
            "CD192",
            "CD193",
            "CD199",
            "CD200",
            "CD206",
            "CD209",
            "CD226",
            "CD229",
            "CD231",
            "CD244",
            "CD268",
            "CD269",
            "CD273",
            "CD274",
            "CD277",
            "CD278",
            "CD279",
            "CD302",
            "CD305",
            "CD314",
            "CD319",
            "CD326",
            "CD328",
            "CD335",
            "CD337",
            "CD352",
            "CD357",
            "CD366",
            "CD369",
            "CD371",
            "B2M",
            "CX3CR1",
            "GPR56",
            "HLA-ABC",
            "HLA-DQ",
            "HLA-DR",
            "HLA-DR-DP-DQ",
            "IgD",
            "IgE",
            "IgM",
            "KLRG1",
            "NKp80",
            "Siglec-9",
            "TCRVB5",
            "TCRVD2",
            "TCRVG9",
            "TCRab",
            "TCRgd",
            "TCRva7.2",
            "TIGIT",
            "VISTA",
            "mIgG1",
            "mIgG2a",
            "mIgG2b"
        ),
        UniProt = c(
            "P06126",
            "P29016",
            "P29017",
            "P15813",
            "P06729",
            "P07766",
            "P01730",
            "P06127",
            "P30203",
            "P09564",
            "P01732;P10966",
            "P21926",
            "P08473",
            "P20701",
            "P11215",
            "P20702",
            "P15144",
            "P08571",
            "P08637;O75015",
            "P05107",
            "P15391",
            "P11836",
            "P20023",
            "P20273",
            "P25063",
            "P01589",
            "P27487",
            "P26842",
            "P10747",
            "P05556",
            "P16284",
            "P31994",
            "P20138",
            "P28906",
            "P17927",
            "P16671",
            "P11049",
            "P28907",
            "P49961",
            "P25942",
            "P08514",
            "P16150",
            "P16070",
            "P08575",
            "P08575",
            "P08575",
            "P08575",
            "Q08722",
            "P09326",
            "P13612",
            "P08648",
            "P32942",
            "P31358",
            "P19397",
            "P05362",
            "P08174",
            "P13591",
            "Q9P2W7",
            "P19256",
            "P13987",
            "P16109",
            "P12314",
            "P31997",
            "Q07108",
            "P32970",
            "P02786",
            "P21854",
            "P21589",
            "P11912",
            "P33681",
            "P60033",
            "P27701",
            "Q9UIB8",
            "Q8NHL6",
            "P42081",
            "P24071",
            "P04216",
            "Q9NPY3",
            "Q13241",
            "P25445",
            "P13598",
            "P38570",
            "P10721",
            "P26951",
            "P16871",
            "P43489",
            "Q07011",
            "P18827",
            "P07204",
            "Q13291",
            "P16410",
            "P29965",
            "O14672",
            "Q8N743",
            "P43626",
            "P43627",
            "P26715",
            "P26717",
            "Q12918",
            "Q14242",
            "Q86VB7",
            "Q9BZZ2",
            "Q99467",
            "P32246",
            "P41597",
            "P51677",
            "P51686",
            "P41217",
            "P22897",
            "Q9NNX6",
            "Q15762",
            "Q9HBG7",
            "P41732",
            "Q9BZW8",
            "Q96RJ3",
            "Q02223",
            "Q9BQ51",
            "Q9NZQ7",
            "O00481",
            "Q9Y6W8",
            "Q15116",
            "Q8IX05",
            "Q6GTX8",
            "P26718",
            "Q9NQ25",
            "P16422",
            "Q9Y286",
            "O76036",
            "O14931",
            "Q96DU3",
            "Q9Y5U5",
            "Q8TDQ0",
            "Q9BXN2",
            "Q5QGZ9",
            "P61769",
            "P49238",
            "Q9Y653",
            "P04439;P01889;P10321",
            "P01906;P05538;P01920;P01909",
            "P01903;P01911",
            "P01903;P20036;P01909",
            "P0DOX3",
            "P0DOX4",
            "P0DOX6",
            "Q96E93",
            "Q9NZS2",
            "Q9Y336",
            NA,
            "A0JD36",
            "Q99603",
            "P01848;P01850",
            "P0CF51;B7Z8K6",
            "A0A075B6U4",
            "Q495A1",
            "Q9H7M9",
            NA,
            NA,
            NA
        )
    ),
    row.names = c(NA, -158L),
    class = c(
        "tbl_df",
        "tbl",
        "data.frame"
    )
)
